1087421
1088633
1090360
1688215
1765781
1788116
1929238
1933552
202930
204420
206783
206955
207037
207130
207235
207246
207445
207584
207674
207687
207718
207815
208048
208118
208286
208292
208637
210032
210618
210928
210963
211003
212382
212968
213423
213451
214198
215652
215803
2205426
223367
223460
2312290
2312301
2312303
2312304
2333365
235157
242753
248757
281957
373598
376967
377383
377772
378370
378627
379601
379905
379929
380006
380386
380454
380889
382638
382822
382823
383246
383760
389745
395080
398606
425601
437885
438485
478649
485285
485286
495729
497563
522579
523559
583042
590109
606964
1082440
1084546
1090356
1094408
115220
116070
1164265
117697
1190711
1230122
1230607
1236126
1241473
1242373
1258913
1270230
1375418
1375640
1516890
1614705
1624529
1682341
1682346
1682358
1682540
1682545
1682546
1682552
1682553
1682554
1682558
17370
1738758
1825138
183844
184847
185569
1933576
1933582
1958401
196363
1964290
1964413
1964444
1964644
1964687
1964692
1964777
1964804
1964937
1965131
1965423
1965507
1965570
1965589
1965631
1965660
1965702
1965836
1965845
1965988
1966040
1966204
1966279
1966343
1966514
1966628
1966703
1966722
1966808
1966816
1967094
1967116
1967302
1967531
1967544
1967560
1967564
1967720
1967878
1967887
1968127
1968151
1968380
1968406
1968459
1968590
1968705
1968791
1968930
1969042
1969049
1969126
1969151
1969190
1969301
1969372
1969502
1969506
1969523
1969537
1969561
1969664
1969735
1969843
1969879
1970074
1970104
1970142
1970189
1970203
1970217
1970314
1970340
1970522
1970709
1970903
1970913
1970950
1971021
1971029
1971141
1971149
1971172
1971186
1971245
1971649
1971943
1972119
1972125
1972142
1972158
1972221
1972290
1972339
1972576
1972584
1972659
1972849
1972937
1972988
1973098
1973142
1973145
1973211
1973348
1973395
1973483
1973540
1973720
1973808
1973860
1973893
1973937
1973961
1974254
1974288
1974310
1974328
1974416
1974664
1974702
1974870
1974935
1975121
1975128
1975138
1975233
1975256
1975490
1975500
1975534
1975647
1975900
1976090
1976093
1976134
1976220
1976240
1976420
1976455
1976732
1976936
1977128
1977135
1977148
1977223
1977346
1977681
1978014
1978099
1978200
1978448
1979057
1979093
1979176
1979252
1979357
1979516
1979554
1979577
1979883
1979933
1979970
1980142
1980144
1980163
1980178
1980253
1980297
1980391
1980435
1980489
1980540
1980562
1980592
1980704
1980896
1981047
1981079
1981410
1981511
1981720
1981725
1981782
1982122
1982135
1982271
1982361
1982383
1982400
1982465
1982466
1982506
1982563
1982610
1982660
1982711
1982866
1982874
1982924
1982957
1982982
1983025
1983111
1983195
1983268
1983534
1983589
1983595
1983923
1983932
1983945
1983963
1984038
1984162
1984191
1984363
1984367
1984548
1984586
1984633
1984700
1984711
1985074
1985092
1985095
1985153
1985406
1985723
1986139
1986186
1986263
1986328
1986499
1986530
1986597
1986781
1986855
1986869
1986943
1986970
1987007
1987009
1987034
1987073
1987261
1987359
1987448
1987679
1987745
1987793
1987910
1987948
1988075
1988153
1988163
1988173
1988300
1988387
1988437
1988537
1988594
1988608
1988717
1988838
1989029
1989646
1989708
1989805
1990162
1990254
1990288
1990482
1990496
1990821
1990884
1990885
1990904
1990912
1991063
1991078
1991138
1991188
1991285
1991395
1991410
1991429
1991674
1991678
1991725
1991800
1992220
1992231
1992242
1992306
1992323
1992342
1992363
1992536
1992634
1992740
1992922
1992937
1993243
1993413
1993424
1993548
1993584
1993661
1993722
1993781
1993941
1994040
1994074
1994241
1994321
1994438
1994526
1994538
1994669
1994693
1994830
1994938
1995712
1995740
1995811
1995813
1995832
1996048
1996066
1996111
1996234
1996500
1996587
1996649
1996791
1996817
1996831
1996931
1996979
1996980
1997023
1997129
1997340
1997534
1997597
1997617
1997764
1997822
1997846
1998112
1998121
1998159
1998193
1998432
1998470
1998545
1998585
1998611
1998953
1999112
1999321
1999414
1999428
1999590
1999714
1999718
1999811
1999931
2000029
2000071
2000114
2000335
2000345
2000354
2000393
2000408
2000429
2000481
2000508
2000568
2000801
2000832
2000894
2001224
2001239
2001257
2001288
2001477
2001485
2001547
2001646
2001751
2001920
2001957
2002165
2002346
2002446
2002479
2002613
2002649
2002702
2002726
2002992
2003229
2003271
2003286
2003341
2003420
2003456
2003482
2003638
2003682
2003817
2004290
2004311
2004365
2004419
2004447
2004544
2004631
2004716
2004771
2004871
2004872
2004892
2004934
2005186
2005216
2005375
2005475
2005509
2005528
2005631
2005718
2005828
2005886
2005899
2005936
2006156
2006188
2006237
2006263
2006439
2006450
2006456
2006715
2006778
2006785
2007002
2007044
2007064
2007296
2007574
2007592
207400
210887
211378
213207
213505
2152252
2152253
220057
220241
225519
226403
226471
231209
234085
246970
249282
253969
256835
259922
260135
262433
271381
272453
274064
296586
306380
316264
340384
340921
363648
371206
377408
385478
387971
392642
394619
394790
398951
402548
402846
404367
411903
412142
41783
422897
424872
458997
461876
468280
474432
481491
482767
482967
483158
484390
491758
497151
504950
508928
50894
514499
519697
524266
526133
539474
560813
564829
565612
583144
592030
604712
7064
95692
1081312
1230790
1233881
1233882
1234815
1240544
1240545
1240553
1240554
1240565
1240566
1241241
1241270
1241271
1241299
1241300
1241301
1241390
1241391
1241439
1241481
1241482
1241483
1241484
1241485
1241486
1241487
1241490
1241491
1241492
1241578
1241579
1241580
1241581
1241582
1241583
1241586
1241587
1241588
1241675
1241676
1241677
1241678
1241679
1241680
1241681
1241682
1241683
1241684
1241767
1241768
1241769
1241770
1241771
1241772
1241773
1241774
1241775
1241776
1241858
1241859
1241860
1241861
1241862
1241863
1241864
1241943
1241944
1241945
1241946
1241947
1241948
1241949
1241950
1242024
1242025
1242026
1242028
1242029
1242030
1242031
1242032
1242033
1242034
1242109
1242110
1242111
1242112
1242113
1242114
1242115
1242117
1242118
1242119
1242198
1242199
1242200
1242201
1242202
1242203
1242207
1242208
1242209
1242285
1242286
1242287
1242288
1242289
1242290
1242293
1242294
1242295
1242376
1242377
1242378
1242379
1242380
1242381
1242384
1242385
1242386
1242468
1242469
1242470
1242471
1242472
1242475
1242476
1242477
1242566
1242567
1242568
1242569
1242572
1242573
1242574
1242656
1242657
1242658
1242659
1242660
1242661
1242662
1242663
1242664
1242665
1242666
1242748
1242749
1242750
1242751
1242752
1242753
1242754
1242755
1242756
1242757
1242758
1242844
1242845
1242846
1242847
1242848
1242852
1242853
1834657
1879463
1945559
1986603
2205766
410643
98350
1461728
1727312
1966035
1966087
1968926
1969755
1970735
1970806
1971430
1971694
1972258
1972276
1972489
1974157
1974803
1977374
1979318
1980995
1982992
1983449
1984039
1987533
1988995
1989265
1989474
1989518
1990415
1991356
1991434
1992555
1994864
1995172
1995736
1996923
1997025
1997349
1997872
1998414
1998829
1999496
2002373
2004615
2004692
2005112
2006276
2006493
2006580
2006836
2007372
379835
443962
462120
52387
535331
597754
599224
599428
1082152
127898
1288582
1381197
1419458
143703
1472492
1682345
1682357
1957190
1964307
1964399
1965495
1965910
1966425
1966524
1967538
1968070
1968245
1968850
1969102
1969156
1969264
1969588
1970083
1970317
1970369
1970873
1970879
1971017
1971801
1971947
1972152
1972183
1972250
1972365
1972568
1972820
1972840
1973711
1974457
1975208
1975787
1976328
1976872
1977041
1977619
1977814
1979718
1979855
1980161
1980715
1980802
1981045
1982167
1982476
1983006
1984206
1984432
1984788
1985311
1985566
1985580
1986588
1987054
1987143
1987756
1988370
1989423
1989834
1989856
1990346
1990583
1991143
1991180
1991577
1991640
1991728
1991846
1992645
1992732
1992796
1993166
1995592
1996155
1996208
1996390
1996543
1996780
1996837
1997503
1997623
1997759
1999556
1999749
1999774
1999918
2000104
2000271
2000685
2001539
2001923
2001998
2002322
2002323
2002407
2003524
2003657
2004355
2004438
2006010
2006567
2006581
2006933
2007151
201511
207995
209534
219722
223257
243088
244378
259850
260092
289959
302449
326282
336961
354676
375284
38380
396523
408995
413779
437747
451401
463054
483525
483526
483531
483532
485556
488646
488811
505637
507058
507936
509435
512054
513846
519395
519982
520144
521470
529663
554993
556684
562488
6246
101311
1080994
1080995
1087650
1089082
1091356
1095626
1095627
1164180
1173055
1178727
1270399
1270795
1421720
150894
1650533
1650545
1650551
1682359
1682360
178737
1890036
189963
1916359
1933538
1933550
1933551
1938680
1964382
1964441
1964718
1964902
1965033
1965169
1965170
1965351
1965387
1966069
1967252
1967612
1967992
1968130
1969942
1970006
1970352
1971227
1971289
1971534
1972220
1972355
1972362
1972454
1972462
1972934
1973013
1973016
1973138
1973359
1973363
1973399
1973793
1973868
1974574
1974617
1974875
1975357
1975418
1975503
1975903
1975923
1976040
1976158
1976196
1976376
1977134
1977138
1977634
1977713
1977749
1978166
1978167
1978195
1978371
1978562
1978567
1978656
1979690
1980167
1980246
1980329
1980376
1980407
1980763
1981107
1981215
1981671
1982413
1982541
1982700
1982880
1982980
1983309
1983348
1983393
1983575
1983630
1983640
1983715
1983980
1984044
1984236
1984274
1984296
1984500
1984686
1984760
1984842
1985206
1985367
1985681
1986143
1986177
1986265
1986503
1986590
1986899
1987430
1987535
1987648
1987982
1987998
1988141
1988581
1988692
1988805
1988872
1989043
1989267
1989471
1989957
1990212
1990223
1991734
1991782
1991818
1992042
1992371
1992581
1992607
1992644
1992673
1992723
1993335
1993374
1993877
1993904
1994308
1994361
1994555
1994724
1994808
1995391
1995448
1995765
1995916
1995927
1996176
1996345
1996576
1996646
1996702
1996795
1997007
1997193
1997197
1997335
1997611
1997892
1998110
1998253
1998435
1998551
1998680
1999120
1999126
1999484
2000433
2001019
2001149
2001584
2001613
2001641
2001668
2002105
2002240
2002450
2002553
2002586
2002682
2002690
2002723
2003514
2003689
2003768
2004025
2004033
2004072
2004118
2004159
2004513
2004515
2004647
2005449
2005478
2005548
2005699
2005792
2006299
2006481
2006631
2006674
2006765
2007097
2007124
2007138
2007266
2007479
2007559
2017214
202635
202721
2063926
207253
21156
214253
2204532
2312645
2312646
2312649
2312652
2312654
2332840
242237
242865
262623
360847
361708
362558
379975
383264
383541
406845
407391
415049
445162
451964
460989
460990
475817
477817
523823
536151
546797
550418
561708
574588
574613
574737
576113
578061
606245
1087397
1090143
142425
1614725
1738710
1807446
189338
1956071
1957085
2036343
2048912
209148
2148053
2208034
225088
2312185
2338333
2338334
2338335
2348417
271190
275224
373101
373751
379849
383172
410659
436817
482538
484967
484968
489058
504547
507249
516640
519693
568922
574646
576887
576989
578601
79004
1222044
1233887
1254007
1290072
1448
1651521
1684800
1765740
1779202
1784637
1822792
1823221
1870106
1934327
1949855
1964948
1966175
1967211
1967336
1967513
1967998
1968394
1968515
1968868
1970290
1971519
1971606
1972583
1973516
1973795
1975212
1975921
1975927
1976290
1977931
1978271
1979773
1980671
1981133
1981492
1981744
1981792
1983070
1983573
1984402
1984847
1985042
1986684
1986756
1986851
1987815
1988622
1990590
1991867
1992073
1992125
1994159
1994977
1995211
1996510
1997041
1997119
2000724
2001987
2002099
2002599
2003785
2004637
2006564
2007375
2007421
2010872
201307
2029988
2031893
2035810
2042135
2046883
2071201
214329
215943
243518
298445
301018
373882
386661
387385
393929
429743
447602
453737
460472
461139
461140
465465
476124
481968
481969
490555
49120
491686
493169
495727
505896
514409
517647
522785
600795
602471
602472
1977604
1985309
1996604
1092754
309265
309953
310179
310975
311201
311306
312170
312648
312651
312676
312698
460702
466496
468125
481248
511410
519113
78464
78618
78862
78885
78917
80121
80619
80793
80843
81169
81170
81214
81229
81315
81603
81809
81838
82136
82137
102301
106966
115769
131577
185238
186290
197538
199210
200381
29197
303144
305178
319894
323336
362588
362814
363058
364623
365847
371095
371658
377734
99743
217090
217092
281872
533849
86755
148471
1966501
1971132
1971223
1974998
1985469
1986666
1991377
1994318
1997275
1999506
2000879
2001398
2002660
2002736
2007073
221536
243298
357490
374581
386636
416056
1271480
1271532
1271533
1271641
1271642
1271692
324153
478629
1802358
1981947
1989569
269538
485053
1922224
1922225
2064666
454440
456294
456936
464351
466154
515982
517956
518060
104466
1076721
1080902
1085511
1086736
1242977
1243200
1243326
1774056
1966842
1969483
1972346
1974480
1978267
1982753
1988076
1990635
1997051
1997909
1997924
2000078
2000934
2001228
2002202
2005482
2007603
2046643
2151321
2178352
246356
253292
272888
319556
386637
386760
494221
104264
559147
604087
2347053
410295
583187
6291
100102
102346
104067
111779
111889
112235
112239
112263
112346
112602
113185
115531
1159459
1159460
1159461
1159462
1159463
1159466
1159467
1159468
116963
117443
1202927
1233654
127277
127929
129946
130049
130163
130181
130208
131020
131193
131426
131456
131590
131715
132169
132170
132348
132533
133209
134536
135491
135492
135881
135970
139517
140600
141247
14217
14445
144479
144598
146564
147986
148333
151546
154620
156776
160030
161832
162621
162903
163269
163629
16958
175225
177780
1933288
193697
1983884
2029060
2311100
263188
263225
26501
265315
265502
265876
266255
266487
266969
267019
267869
267941
268368
268441
268868
269557
273547
277008
27852
278819
279405
280069
281470
282830
284436
28509
28641
28657
288273
28893
288949
289369
290632
291126
293338
293750
294653
295132
299368
299763
300559
301483
309733
31
310527
310950
311573
311906
318272
318650
319068
320574
320575
321262
322066
322711
322712
323394
323601
324765
325005
325023
325839
327291
327300
329274
329958
334064
334337
334360
334461
334869
335012
335020
335648
335718
335931
335932
335940
336192
336603
336626
337026
337027
337035
337297
338049
338155
338449
338935
338944
338956
338966
338967
339364
339799
340611
342767
344314
345384
345881
347195
347466
347684
348586
348943
349382
350059
350084
350143
350375
351282
351291
351295
351380
351859
352085
353795
354246
357602
357892
358130
358314
36432
365598
36985
370100
370283
382408
384283
386276
39413
39504
39530
39744
405405
406635
406901
407100
407558
407914
409397
410778
411351
411401
413375
415233
415414
416110
418479
421565
421947
423731
424168
428973
429225
430440
431176
431432
432622
433841
433855
434037
434237
434415
435191
435809
435868
436718
437640
44137
444337
444864
447974
449392
45827
47243
47940
480283
491592
500292
507308
50749
51563
522251
525240
52850
53606
53826
538718
540848
55382
553824
56236
56983
57347
57366
60254
611124
61867
66031
68423
69129
7352
75773
7775
78573
7914
79244
7929
7939
8000
80024
8036
8091
80941
8095
81478
8163
81646
81753
8222
8223
8271
82762
83790
84333
86664
87084
93559
94678
95539
95737
95812
95825
97026
97117
97448
97768
97796
97822
98721
99572
1971485
1991008
2002480
2333445
197923
199383
199528
199755
23327
371239
1986996
1081198
1163016
1172957
118258
120077
120185
121405
1242027
153843
1766529
1784725
1813632
1835870
1916891
1949788
1949789
195029
1966836
1973178
1980904
1985491
1985888
1986979
1988778
1993996
1994638
1996255
2000652
2002432
2071457
2111784
237570
264406
271441
272938
273187
276711
347537
373798
374044
403402
404366
406375
409349
436137
44
488840
569880
571040
57553
685
75232
101683
103055
113
125898
129
177688
188386
188502
189584
190984
191336
194498
195218
195903
2086760
212084
213618
213743
2163772
230232
231568
232601
233001
245212
258805
261720
280074
300936
363130
363607
365318
370266
381207
395573
425834
453336
459729
460746
485745
489083
492251
493937
50
504075
523586
76904
2326002
296682
597592
598626
602123
75680
1968606
1998477
2004887
2171124
207544
210390
23254
291975
300549
301860
332575
337642
340259
340776
340935
378963
432130
52654
53596
54382
55394
55788
7463
1290746
479835
2206666
371169
372657
1651523
1993634
223971
230761
245377
245769
245968
246166
249097
390156
395427
565061
235345
396377
1234833
1272116
1272171
1974363
44541
44545
46440
86771
2001451
2002182
1668418
1668419
408982
307152
230654