[263, 157, 98, 117, 85, 324, 247, 617, 550, 754, 727, 470, 534, 666, 158, 603, 188, 700, 279, 551, 386, 714, 76, 298, 251, 255, 758, 437, 62, 55, 682, 261, 50, 262, 471, 698, 678, 583, 227, 496, 241, 491, 33, 619, 204, 439, 568, 271, 503, 123, 442, 579, 675, 424, 106, 354, 276, 495, 448, 649, 694, 131, 37, 99, 326, 259, 197, 191, 186, 651, 445, 115, 742, 337, 595, 633]
[208, 647, 235, 71, 546, 78, 516, 428, 192, 281, 549, 405, 566, 201, 417, 94, 48, 10, 226, 741, 245, 475, 541, 351, 151, 18, 476, 733, 601, 711, 340, 730, 453, 660, 625, 650, 214, 330, 462, 185, 222, 487, 193, 257, 381, 72, 715, 533, 539, 143, 220, 368, 699, 520, 672, 147, 290, 703, 177, 53, 738, 333, 119, 596, 515, 183, 19, 504, 557, 478, 697, 458, 118, 506, 29, 364, 223]
[725, 542, 108, 736, 565, 300, 422, 310, 587, 284, 295, 544, 14, 691, 3, 457, 607, 122, 73, 301, 100, 592, 688, 207, 349, 74, 407, 591, 124, 556, 82, 2, 161, 657, 441, 679, 311, 659, 684, 170, 280, 685, 371, 389, 153, 451, 127, 497, 181, 215, 167, 182, 318, 145, 360, 438, 627, 466, 614, 605, 334, 332, 648, 610, 744, 426, 421, 706, 128, 555, 210, 187, 589, 631, 569, 652, 423]
[315, 275, 383, 409, 588, 391, 111, 656, 266, 419, 645, 629, 644, 609, 359, 377, 294, 636, 517, 307, 511, 411, 292, 171, 571, 194, 105, 141, 611, 125, 373, 581, 746, 705, 492, 450, 32, 305, 572, 623, 205, 8, 553, 498, 536, 384, 138, 670, 224, 573, 26, 51, 248, 40, 403, 578, 180, 112, 563, 358, 17, 582, 570, 38, 213, 522, 528, 577, 398, 165, 584, 168, 190, 342, 704, 745, 269]
[597, 120, 388, 502, 594, 616, 134, 68, 372, 56, 283, 483, 322, 404, 479, 734, 732, 28, 641, 303, 121, 567, 669, 42, 260, 344, 530, 639, 387, 345, 413, 665, 113, 196, 130, 328, 268, 239, 327, 356, 521, 237, 724, 172, 447, 240, 761, 274, 289, 446, 288, 600, 159, 378, 317, 459, 341, 695, 509, 232, 524, 630, 365, 654, 140, 144, 36, 348, 238, 628, 104, 83, 526, 749, 399, 400]
[156, 743, 61, 86, 527, 309, 142, 231, 580, 39, 661, 692, 427, 467, 312, 396, 69, 397, 64, 708, 264, 35, 200, 66, 277, 667, 720, 218, 731, 366, 347, 545, 252, 464, 518, 15, 456, 137, 308, 233, 70, 287, 31, 465, 707, 149, 299, 135, 668, 225, 148, 564, 228, 599, 278, 59, 683, 12, 425, 762, 30, 24, 443, 532, 543, 139, 674, 548, 723, 4, 416, 490, 429, 126, 712, 375]
[243, 500, 460, 272, 673, 505, 174, 632, 519, 92, 635, 634, 91, 523, 510, 316, 331, 394, 444, 658, 206, 313, 560, 265, 484, 390, 202, 408, 671, 590, 593, 494, 561, 216, 689, 65, 109, 97, 750, 435, 480, 9, 175, 355, 103, 253, 339, 297, 199, 677, 612, 402, 34, 412, 757, 164, 254, 481, 463, 52, 323, 740, 370, 493, 713, 67, 585, 430, 747, 574, 559, 488, 166, 701, 5, 606]
[622, 719, 110, 229, 89, 90, 702, 538, 96, 49, 540, 75, 562, 709, 293, 45, 410, 598, 267, 80, 646, 0, 304, 155, 41, 753, 680, 270, 21, 178, 513, 343, 726, 418, 604, 415, 382, 531, 486, 95, 748, 643, 759, 474, 325, 690, 338, 132, 6, 162, 244, 615, 306, 721, 379, 7, 602, 249, 468, 575, 393, 653, 525, 477, 676, 336, 319, 499, 473, 449, 681, 739, 621, 461, 385, 512]
[234, 146, 184, 114, 537, 735, 23, 47, 87, 693, 529, 751, 662, 586, 63, 60, 54, 129, 25, 357, 242, 637, 58, 211, 320, 376, 452, 433, 362, 250, 107, 282, 755, 455, 102, 43, 363, 395, 314, 716, 198, 195, 718, 663, 219, 369, 286, 346, 81, 507, 88, 285, 406, 436, 273, 291, 626, 554, 212, 361, 489, 454, 687, 613, 756, 729, 352, 640, 27, 472, 79, 173, 552, 176, 163, 760]
[209, 329, 302, 547, 230, 380, 13, 432, 160, 717, 664, 133, 485, 514, 321, 414, 508, 620, 353, 77, 655, 576, 350, 1, 642, 46, 203, 93, 558, 501, 431, 217, 420, 728, 11, 150, 335, 469, 374, 179, 256, 737, 44, 686, 236, 84, 608, 624, 638, 246, 16, 696, 57, 440, 367, 136, 392, 221, 618, 722, 752, 482, 434, 296, 535, 152, 20, 189, 22, 710, 154, 401, 169, 101, 116, 258]
