[356 404 456 376 114 219   6 281 375 279 308 210 101 516  13 760 148 570
 216 177 361 482   9 198  41 636 331 388 674 146  12 290 517 278 644  79
  16  33 186 307 179  69 341 256 467 237 583 366 584 500 607 230 368 239
 309 626 444 513 344  34 432 724 393 214 264 328  92 703 630 346 541 168
 688 209  38 476  77]
[353 743 481 713 229 232 727 334   8  68 662 615 554 477  99 321 689 348
 505 750  56 586 563 430 515 542 700 491 676 472 424 247  80 222 142  17
  86 428 165 711  42 245 521 181 351 738 718 574 478 419 220 507 580 139
 306  14 408 640 639 223 734 224  72 595 638 465 132 391 182 695 529 141
 753 427 369 442 759]
[561 380 511 737 158  89  29 657 329 207 441 225 357 399 415 454 243 378
 445 509 745 340  40 589 534 448 409 590 683 693 690 579 172 270 188 666
 564 736 646  55 372 156 490 679 704 275 174 118  22 145 238 609 502 597
 299 569 175 434 464 255 112 499 324  98  53 635 631 652 170  11  26 687
 634 298 536 650 592]
[ 96 126 514 211 138 135 315 480 296 748 322 600 253 104  76 196 110 134
 107 265 213 739 749  78 291 475  27 519 614   7 469  10 741 342 426 621
 310  35 201 316 622 191 599 501 383 721 484 601  93 527 651 160 492 645
 332 654 431 540 326 495 412 539 116 680 420 303 394 508 479 587 169 249
 236 106 671 124]
[717 612  49 108  94 382 486 400 682 294 374 193 617 656 227 742 678 602
 581 154  45 190 352 686 684 553 446 105  44 166  73 551 701 262 350 647
 681 261 173 257 277 258 327 548 523 731 757 762 496 365 183  60 363  63
 643 510 712 189 301 506 423 268 685 740 318 367 389 242 460 497 339 425
 155 250 732 555]
[390  66 696  37   2  15 204 194 613  50 176 152 457 345  71 596 668 100
 544 109 241   4 573 414 549 313 269 459 305 121 178  51 433 698 438  46
 633 618 161 396 604 387 355 103 694 699 192 228 343  65 131 164 195 530
  20 453 616 754 522 528 473 558 463 386 359 113   3 289 493 487  64 137
 575 725   0 234]
[577  19 675 722 180 451 659 628 756 248 246 610 723 466 407 566 200 401
 286 260 660 735 163 338  87  23 410 585 526 443 755 364 319 274 632 147
  97 582 440 746 102 546 283  67 752 538  85 518 560 471 489 226 470 244
 202 474 335 709 619 552 125 641 572 187 705 203 623 115 111 417 325 533
 362 452 458 377]
[429 240  54 744 314 620 162 483 144 545 337 272 720 128 251 302 588 594
 317 606 462 624 661 413 751 284 120 379 312  83 524 208 197 320  95 273
 381 333 231  91   1 117 625 547  36 403  90  74 571 171 728 627 140  18
 437 719  25 287 673 605 714 655 691  58 293  84 532 531 726  52 215 406
 733 149 360 562]
[520 649 421 670 235 664 416 665 373 672 259 537 543 692 708 304 349 707
 282 557 663 153 447 136 395 122 608  24 402 677 157 392 603 267 354  28
 221 151 205 129  88 347 702 556 488 669 285 697 206  32 143 371 123   5
 405 358 266 217 254 130 504 385 559 653 439  59 468 593 233 667 300 288
 591  48 658 297]
[730 629 150  31  75 252 637  39 159 295 747  81 494 498 436 729 418 398
 336 461  70 535 706 758 525 184 411 167 271 503 512 449  62  82 384 397
 648  61 576 761 218 565 127 422  30 280  43 550 598 716 119 485  21 330
 263 133  47 199 715 212 642  57 292 450 276 611 567 435 370 185 311 455
 323 710 578 568]
