[544 345 346 117 317 405 452 110 611 175 225 326 337  63 124 211 436 102
 357 388 499 160 201 265 692 177  10 192 606 168 151 126 282 707 670  94
 372 109 426 443 133 562  96 546 494  51 285  68 673 169 464  72 651 159
  84 677 417 556 144 310 336 224 484 518 116 125 261 232 482 181 395]
[695 362 131 492  83 613   6 271 684  71 183  17 103 469 496 481 697 154
 182 558 273 297 235 520 429 591 593 240 300 441 588 581 180 161 570 227
 608 665 196 187 356 115 693 596 487 522 625  12 369 347 641 398 688 390
 371 413 416 381 420 444  70 525 471 661 504 437 293 262 418 170 132]
[ 52 600  28 463 527 264  18  73 217 360 434 142 146 663 406 205 431 524
 155  26 370 539 529  13  46 579 286 230 572 258 538 353 479  42 141 561
 490 474  91 188 473 134 560  98 100 386  58 274 462 691 507 270 683 342
 610 701 324 445 315 204 319 598 706 128  61 414 307 112 554 540 166]
[536 358 339 193  80 619 234 515 202 550 465 341 594 631 468 694 263 681
 313 269 320  38 157 402 495 314 508 699 129   2 624 164 167 580 664 325
 251 365 396 377 551 147 292 433 376 502 590 111 249 669 236 123 257 296
 189 633 451 646 156 497  37  15  95 696 489 121 275 537 233  32 305]
[119 627  78 283 578 675  65 374  53 457 586 421 303   4 509 321 571 506
  75 391 106 632 553 143 656 623 105 241 425 291 559 349 295 299 348 354
 552 476   5 382 385 380 686 215 191 555 308 424 378 375 636 343 246 422
 289 595 603 244 423 621  19  11 252 658 238 150  90   8  57 216 186]
[203 322 453 548 137  86 517 573 243 334  85 387 644 607 574 516 173 660
  48 237 679 449 199  69 101 190  59 466 470 384 401 281 519 172 702  87
 344  16 338 534 666 585 682 576 535 602  31 135 649 162 698 279 563 332
 198 642  66 533 703 104 323 250 260 206 486   1 287 165  22 557 488]
[272 628 379 403 108 493 412 113 498  77 448 220 630  14 577 652  93  56
 194 480 643 278 640 599 280 333 685 397 605 409 674 266 294 122 404 501
 450  89 467  79 568  97 368 329 245 256 399 513  47 290 259 645  20 491
 163 178 389 120 531 435 331 355 668 523 130 511 210 408 214 500  35]
[394 505  54 184 637 532 277 219  92 419  30 672 302 528 545 659 671 212
 301 127  55 654 615  81 200  44 276 582 622 226 229  50 541 359  36 569
 366 209 268 700 626 629 185 514 458  25 662 639 255 475 705 208 657 567
 195 690   7 667  99   3  49 565 253 248 442 618 575 478   9 148 267]
[136 614 153 306 439 171 427 179 512 460 592  82 176 330  21 145 415 221
 680 228 438 318 647 547  88  76 352 114  60 597 351 373 335 400 483 430
 543 239 152  74 638 472  34 316 174 311  27 704 213 634 242 254 587 223
 635 432 327 328 383 138 459 440  23 584 312 118 298 393 676 447]
[ 64 304 284 367  62 655 477 218 485 620 309 549 411 461 231  33 107 687
 149 407 650 350 689 526 140 456 428 197 158 542 222 139 455 583   0 678
 530  39  40 392 446  41 363 617 601 410  43 609  29 288 648 503 521 616
 653 361  24 589  67 247 207 564 612  45 340 510 566 604 454 364]
