[216 353 289 605 275 130  22  34  38 233 239  63 146 347 513 177 403 673
  76 659 150 471  95 454 649 143 684 263 269 170 262 610 196  51 214 414
 701 232 565 230 657 330  57 283 364 363 498 140 312 703 537 542  41 339
  39 127 290 488 306  61 413 568  26 530  20 614 101 193 409 293 191]
[407 412  35 439 394 447 341 182 694 155 176 367 324 318 418 556 390 679
 273 159 632 547 235 112 304  85 162 116 456 148   9 185 533 569 252 494
 247 469  31 645 521 133  19 665  33 500 382 240 587 482 474 697 573 385
 481 468 173 188 209 389 510 285 602  40 527 588 461 248 345 460 554]
[319 493 174 153 333 215  68  21 198 311 582 117 402  80 303 486  88 288
 246 416  23 131 141 596 314 627 450  28 431 583 655 171  52 485  94   0
 581 574 511 524 328 121 100 329  24 499 630 229 682 597  43 147 590 430
 487 157  13 696 579 566 315  32 371 501 336 580 360 560 410 668 207]
[483  12 350  36 299 136   5 208 528 539  54 432 704 591 662 608 105 675
 376 444  30 453 356 436 380 381 607 617 325 276 427 181 139 370 200 244
 265 417 282 667 484 372 536 331 604 478 259 637 128 497 639 152 457 423
 480 195  96 681 126  99 368 518 194 295 301  44 213 393 622 502 279]
[ 70 298 640 663 408 648 145 300 326 647 327 680  67 404 576 236 369 284
 309 348 286 316 571  37 578 462  18 550 606 340 595 698 192 570 338 211
 561 577  87 470 384 624 359 158 618 250  29 477 446 335 378 268 650 281
 598 690 615  86 535 399 107 658 514 237 123 167 377 302 160 676 428]
[221 108 296 395  84  27 584 507 661 178 633 563 277  46 205 165 495 466
 156 434  89 172 291  91 629 429 515  83 111  16  77 149 705  15 217 202
 426 361 686 652 433 519  75 669 541 334   3 344 144 567 693 124 508 558
 442  14 164 586 161 278 666 228 620 424 406 638 691 700 256 525 349]
[ 64 443 505   2 210 142 451 297 122 421 532 589 137 538 503  81 611  10
 264 231 687 365 678 175 351 623 600 346 635 683 522 420 354 651  74  78
  53 599  59 225 386 441 260  92 506 656 255 440 317 540 189 249 220  50
 643 621 266 261 437 352  71 206 545 106 292 685 699 575 425 516  58]
[448 646 467 400 180 544  55 401 572 479 307 553 110 445  90  56 564 452
 253 222 601 168 305 557 322 362 313  62 459 609 357 135 374 672 585 294
 616 534  11  73 592 688 186 245  69 114 523 517 310  82 337 642 271 104
 197 218 204  48 496 543 224 475 531 287 274 203 551 366 190 343 243]
[358 113 219  97 166 103 163 411  65 706 138 458 118 465 509  42 398 321
 120 280 489 463 151 619  98 552 355 392 308 227 242 258 270 654 134 223
  72 613 391 512   1 201 677 559 254 422 179   4 241 397 184 449   6 102
 396 472 415 490 199 692 187 405 670 455 125 555 695 660 375 593]
[419 702 132 546  60 628 342 438 644 238 473 562 267 626 520 332 109 492
 526 653  47 272 183 323 257   7 119 373  25   8 476 671 115 707 612 129
  79 504 549 464 154 674 664 435 251 169 383  66 320  17 603 631  93 388
 641 387 636  45  49 226 689 529 234 625 379 634 594 548 491 212]
