[164  29 123 304  43  46  30 276 702 277  64 460 386  87 130 662 614 465
 492 543 698 608 374 177 657 510 364 172  49 245 570 403 163 529 134 498
 425  71   8 606  52 410 478 406 572 567 649 703 221  89 223 671 392 127
 413 593  62 252  78 544 558  18  75 463 316   9 285 242 362  37  24]
[ 19 531 573 677 696  79 670  33  47 311 373 307   7  21  57 136 202 213
 334 579 636 400 188 672 700 597 262 604 414 461 214  28 330  10 342 489
 600 142 299 279  73 418 521 338 243 680 190 469 133 184 631 497 664 452
 227 442 557 603 635 595 451 589  41 210 612 466 559 303 484 270 207]
[480  63 430 513 669 682 289 372 357 380 273 264 416 487 528 229 369 113
 200 652 135 281 215 447 384 176 389 522 217 394 638 275 507 516 678 319
 674 587 239 459  55 156 261 471 667 415 321 668 328  11 470 659 112  80
 467 472 383 601 705  70 580 247   2 272 581 409 491 706 500 101   5]
[ 66 298 356 407 125 171 647  36 138 508 523 540 179 552 613 654 479 634
 313 250 660 326 438 120 224 690 360 584  50 144 108 569 568 697 453 312
 402 627 151 286 287 514 553 131 381  77 117 545 502 173 518 443 254 598
 318 643 694 551  15 615 165   4 432  17 699 258 149 257 424 530 181]
[ 99 689 542 535  12 390 160  40  39 193 265 408 139 336 504 505 291 444
  67 483 198 509 178 566 421 704 109 259 435 327 434 687 203 103 556 241
 532 445 560 688  54 501 582 158 549 450 340 650 300 294 653 395 137 201
 162 462 290 331 449  38 640 454 119 496 534 456 564 686 236 351 382]
[293 147  34  95   1 707 115 284 623 630 235 663 296 346  20  32 474  61
 427 527 192 368 538 681 482  91 585 359 194  35 232 102 611 152 183  98
 419 546 651  22 256   6 457 378 436 100 658 157 212  83  16 494 619 477
 121  44 379 332 248 140 155 310 676  45 361 222  13 322 576 609 679]
[433 591 594 124 642  82 175 691 387 701 114 625 506 446  26 417 253 592
  81 661 475  14 238 341 621  96  97 153 106 495 420 295 655 412 148 353
 225 499 335 347 324 220 218 363 401 205 146 550  31 196  74 398 428 186
  51 282 219 274 288 440 590 122 132 228 439 375 118 195 145 536 555]
[301  88 422 305 511 561 562 411 526 323 519 302 404  85 648 297 533 596
 166 675 333 216 620 269 644 339 622 292 141 524 349 554 520 692 343 161
 260 111 575 541  92 665   3 481  53 208 150 244 512 517 126 397 485 278
  23 628 377 455 306 583 167 464 539 350 571 182 110 345 537 358 231]
[639 320 633 169 116 226 626  90 388 206 490 632 315 211 441 174 370 666
 280 154 673 695 426 234 267 283 204 168 618 493  94 233 685 624 405 159
 366 143 563 308 355 605 129 488 187 197 683 309 189 458 199 246 317 515
 314 617 656 423 607  42 180  84 105  60 429 255 565 586 271 266]
[486  48 645 577 399 337 268 240 329 263 610 128 503 371 376 693 251  76
 473  59  93 191 352 637 431 588 629 391 547 548 354 237 325 107 344  58
 476 602 468 367  25  68  56   0 646 385 448 578 230 348 599 616 574 684
  27 525  86 249 170 185 396 641  72  65  69 104 365 437 209 393]
